# Created by Octave 9.1.0, Tue Apr 09 00:32:41 2024 GMT <unknown@DESKTOP-92HAMQS>
# name: Ybus
# type: sparse complex matrix
# nnz: 112
# rows: 30
# columns: 30
1 1 (6.2953367875647679,-19.897279792746115)
2 1 (-5.0000000000000009,15)
3 1 (-1.2953367875647668,4.9222797927461146)
1 2 (-5.0000000000000009,15)
2 2 (9.689291101055808,-29.891651583710406)
4 2 (-1.8461538461538458,5.2307692307692299)
5 2 (-1.1764705882352939,4.7058823529411757)
6 2 (-1.6666666666666667,5)
1 3 (-1.2953367875647668,4.9222797927461146)
3 3 (7.1776897287412371,-28.441691557451996)
4 3 (-5.8823529411764701,23.52941176470588)
2 4 (-1.8461538461538458,5.2307692307692299)
3 4 (-5.8823529411764701,23.52941176470588)
4 4 (13.610859728506785,-56.125746606334843)
6 4 (-5.8823529411764701,23.52941176470588)
12 4 (0,3.8461538461538458)
2 5 (-1.1764705882352939,4.7058823529411757)
5 5 (4.1350504698920982,-11.789574068917508)
7 5 (-2.9585798816568047,7.1005917159763312)
2 6 (-1.6666666666666667,5)
4 6 (-5.8823529411764701,23.52941176470588)
6 6 (22.540961590115501,-84.545346686619837)
7 6 (-4.1095890410958908,10.95890410958904)
8 6 (-5.8823529411764701,23.52941176470588)
9 6 (0,4.7619047619047619)
10 6 (0,1.7857142857142856)
28 6 (-5.0000000000000009,15)
5 7 (-2.9585798816568047,7.1005917159763312)
6 7 (-4.1095890410958908,10.95890410958904)
7 7 (7.0681689227526956,-18.049495825565373)
6 8 (-5.8823529411764701,23.52941176470588)
8 8 (7.258499730167296,-28.106567728008635)
28 8 (-1.3761467889908257,4.5871559633027523)
6 9 (0,4.7619047619047619)
9 9 (0,-18.614718614718615)
10 9 (0,9.0909090909090917)
11 9 (0,4.7619047619047619)
6 10 (0,1.7857142857142856)
9 10 (0,9.0909090909090917)
10 10 (13.560885290781265,-43.401934063945447)
17 10 (-4.1095890410958908,10.95890410958904)
20 10 (-1.7241379310344829,4.0229885057471266)
21 10 (-5.1724137931034466,12.068965517241379)
22 10 (-2.5547445255474455,5.4744525547445253)
9 11 (0,4.7619047619047619)
11 11 (0,-4.7619047619047619)
4 12 (0,3.8461538461538458)
12 12 (6.5455256795601393,-24.2810496066258)
13 12 (0,7.1428571428571423)
14 12 (-1.4634146341463414,3.1707317073170733)
15 12 (-3.2110091743119269,5.9633027522935782)
16 12 (-1.871101871101871,4.1580041580041582)
12 13 (0,7.1428571428571423)
13 13 (0,-7.1428571428571423)
12 14 (-1.4634146341463414,3.1707317073170733)
14 14 (3.9521024169517709,-5.4331751462311004)
15 14 (-2.4886877828054295,2.2624434389140271)
12 15 (-3.2110091743119269,5.9633027522935782)
14 15 (-2.4886877828054295,2.2624434389140271)
15 15 (9.5178787752991756,-15.862109827571242)
18 15 (-1.8181818181818181,3.6363636363636362)
23 15 (-2,4)
12 16 (-1.871101871101871,4.1580041580041582)
16 16 (3.7534548122783415,-8.6285923932982769)
17 16 (-1.8823529411764706,4.4705882352941178)
10 17 (-4.1095890410958908,10.95890410958904)
16 17 (-1.8823529411764706,4.4705882352941178)
17 17 (5.9919419822723619,-15.429492344883158)
15 18 (-1.8181818181818181,3.6363636363636362)
18 18 (4.7450110864745012,-9.9778270509977833)
19 18 (-2.9268292682926829,6.3414634146341466)
18 19 (-2.9268292682926829,6.3414634146341466)
19 19 (8.0992430613961304,-18.410428931875526)
20 19 (-5.1724137931034466,12.068965517241379)
10 20 (-1.7241379310344829,4.0229885057471266)
19 20 (-5.1724137931034466,12.068965517241379)
20 20 (6.8965517241379297,-16.091954022988507)
10 21 (-5.1724137931034466,12.068965517241379)
21 21 (25.172413793103445,-52.068965517241381)
22 21 (-20,40)
10 22 (-2.5547445255474455,5.4744525547445253)
21 22 (-20,40)
22 22 (25.118847089650011,-49.32060640089837)
24 22 (-2.5641025641025639,3.8461538461538458)
15 23 (-2,4)
23 23 (3.4476614699331849,-7.0066815144766146)
24 23 (-1.4476614699331847,3.0066815144766146)
22 24 (-2.5641025641025639,3.8461538461538458)
23 24 (-1.4476614699331847,3.0066815144766146)
24 24 (5.3221088616219552,-9.1282974295959765)
25 24 (-1.3103448275862069,2.2758620689655173)
24 25 (-1.3103448275862069,2.2758620689655173)
25 25 (4.475953396031775,-7.8491529293017113)
26 25 (-1.2083131947800871,1.8366360560657322)
27 25 (-1.9572953736654803,3.7366548042704624)
25 26 (-1.2083131947800871,1.8366360560657322)
26 26 (1.2083131947800871,-1.8366360560657322)
25 27 (-1.9572953736654803,3.7366548042704624)
27 27 (3.6279845829895701,-9.402560061076974)
28 27 (0,2.5)
29 27 (-0.97864768683274017,1.8683274021352312)
30 27 (-0.69204152249134954,1.2975778546712804)
6 28 (-5.0000000000000009,15)
8 28 (-1.3761467889908257,4.5871559633027523)
27 28 (0,2.5)
28 28 (6.3761467889908268,-22.072155963302752)
27 29 (-0.97864768683274017,1.8683274021352312)
29 29 (1.901369716821206,-3.5984312083636047)
30 29 (-0.92272202998846586,1.7301038062283736)
27 30 (-0.69204152249134954,1.2975778546712804)
29 30 (-0.92272202998846586,1.7301038062283736)
30 30 (1.6147635524798154,-3.027681660899654)


