# Created by Octave 9.1.0, Tue Apr 09 00:34:06 2024 GMT <unknown@DESKTOP-92HAMQS>
# name: Ybus
# type: sparse complex matrix
# nnz: 54
# rows: 14
# columns: 14
1 1 (6.0250290557682238,-19.447070205514382)
2 1 (-4.9991316007980346,15.263086523179553)
5 1 (-1.0258974549701889,4.234983682334831)
1 2 (-4.9991316007980346,15.263086523179553)
2 2 (9.521323610814779,-30.272115398779064)
3 2 (-1.1350191923073958,4.7818631517577179)
4 2 (-1.6860331506149431,5.1158383258720832)
5 2 (-1.7011396670944048,5.1939273979697127)
2 3 (-1.1350191923073958,4.7818631517577179)
3 3 (3.1209949022329564,-9.8223801293516395)
4 3 (-1.9859757099255606,5.0688169775939205)
2 4 (-1.6860331506149431,5.1158383258720832)
3 4 (-1.9859757099255606,5.0688169775939205)
4 4 (10.512989522036174,-38.654171207607796)
5 4 (-6.8409806614956707,21.578553981691588)
7 4 (0,4.8895126603173411)
9 4 (0,1.8554995578159004)
1 5 (-1.0258974549701889,4.234983682334831)
2 5 (-1.7011396670944048,5.1939273979697127)
4 5 (-6.8409806614956707,21.578553981691588)
5 5 (9.5680177835602649,-35.533639456044824)
6 5 (0,4.2574453352533839)
5 6 (0,4.2574453352533839)
6 6 (6.5799234074662225,-17.34073280991911)
11 6 (-1.9550285631772606,4.0940743442404415)
12 6 (-1.525967440450974,3.1759639650294003)
13 6 (-3.0989274038379877,6.1027554481931157)
4 7 (0,4.8895126603173411)
7 7 (0,-19.549005948264654)
8 7 (0,5.6769798467215438)
9 7 (0,9.0900827197527505)
7 8 (0,5.6769798467215438)
8 8 (0,-5.6769798467215438)
4 9 (0,1.8554995578159004)
7 9 (0,9.0900827197527505)
9 9 (5.3260550394673585,-24.092506375267877)
10 9 (-3.9020495524474277,10.365394127060915)
14 9 (-1.424005487019931,3.0290504569306034)
9 10 (-3.9020495524474277,10.365394127060915)
10 10 (5.7829343061478271,-14.768337876521436)
11 10 (-1.8808847537003996,4.4029437494605208)
6 11 (-1.9550285631772606,4.0940743442404415)
10 11 (-1.8808847537003996,4.4029437494605208)
11 11 (3.8359133168776602,-8.4970180937009623)
6 12 (-1.525967440450974,3.1759639650294003)
12 12 (4.0149920272728927,-5.4279385912016123)
13 12 (-2.4890245868219187,2.251974626172212)
6 13 (-3.0989274038379877,6.1027554481931157)
12 13 (-2.4890245868219187,2.251974626172212)
13 13 (6.7249461484662332,-10.669693549470679)
14 13 (-1.1369941578063267,2.3149634751053521)
9 14 (-1.424005487019931,3.0290504569306034)
13 14 (-1.1369941578063267,2.3149634751053521)
14 14 (2.560999644826258,-5.3440139320359554)


